mu_SR_pop,1,0.110434,0.434318,0.046824,-0.0807085,0.00749411
dr_pop,0.110434,1,0.0195849,-0.304762,0.931234,0.0863139
beta_dr_TYPE_R20,0.434318,0.0195849,1,0.150062,-0.00372427,0.0741578
beta_dr_TYPE_W20,0.046824,-0.304762,0.150062,1,-0.105849,-0.00114867
k_pop,-0.0807085,0.931234,-0.00372427,-0.105849,1,0.0550208
b,0.00749411,0.0863139,0.0741578,-0.00114867,0.0550208,1
