mu_SR_pop,89.2073,0.21965,1.39022,0.0423378,-0.135254,0.00199492
dr_pop,0.21965,0.0443458,0.00139773,-0.00614395,0.0347949,0.000512287
beta_dr_TYPE_R20,1.39022,0.00139773,0.114855,0.00486863,-0.000223948,0.000708335
beta_dr_TYPE_W20,0.0423378,-0.00614395,0.00486863,0.00916475,-0.00179794,-3.09928e-06
k_pop,-0.135254,0.0347949,-0.000223948,-0.00179794,0.0314819,0.000275146
b,0.00199492,0.000512287,0.000708335,-3.09928e-06,0.000275146,0.000794352
